1
4
6
7
10
11
13
15
18
20
21
24
25
27
28
33
34
35
38
41
42
44
47
48
49
50
51
53
55
56
57
58
59
60
61
65
66
71
72
74
76
77
78
79
80
82
83
85
88
89
90
91
100
101
102
103
104
105
107
108
111
113
114
115
119
121
122
123
125
126
130
131
132
133
134
135
139
141
142
143
144
145
146
148
149
150
152
153
156
157
158
160
161
164
165
166
169
170
172
173
174
175
176
177
178
179
181
182
187
189
191
192
193
199
200
203
205
206
208
209
211
212
213
214
218
219
221
222
223
225
227
228
229
230
231
235
237
238
240
243
248
249
250
251
253
254
256
257
258
260
263
264
265
266
267
268
269
270
272
273
275
277
279
280
285
286
288
289
290
292
296
297
298
300
302
303
304
307
308
309
311
312
317
319
323
324
325
328
329
330
332
333
335
336
337
338
341
342
345
347
348
350
352
354
356
357
358
360
365
366
368
372
375
380
381
382
383
385
386
387
388
389
390
391
396
398
400
401
402
403
404
405
406
407
409
411
412
415
416
417
420
423
425
426
430
431
432
433
436
438
440
442
443
449
451
452
454
455
456
458
459
462
463
464
465
466
467
468
469
471
473
475
477
478
483
484
485
487
488
489
490
492
493
498
505
506
508
510
514
515
516
518
523
524
527
529
530
531
533
534
537
538
540
541
544
548
550
551
553
556
558
560
561
562
563
566
569
570
573
574
575
576
577
579
580
581
582
586
587
588
589
591
592
593
595
596
597
598
599
601
602
604
605
606
607
608
611
613
615
616
617
618
620
621
623
624
625
626
628
629
630
631
632
633
634
635
636
637
638
639
641
642
645
646
650
653
654
655
661
662
663
666
669
671
672
673
674
675
676
677
678
681
682
683
684
686
688
689
691
693
695
696
698
699
700
701
702
703
706
708
709
710
711
712
715
719
720
721
723
724
726
732
733
735
737
738
739
740
742
745
746
747
749
750
751
752
755
756
757
758
759
761
766
767
768
769
770
772
773
774
775
776
777
778
779
780
781
782
783
784
788
789
790
792
793
794
795
796
798
805
807
808
810
811
812
814
817
820
821
824
827
829
830
834
835
836
837
841
843
844
846
848
849
851
853
857
858
859
861
862
863
864
865
866
867
870
872
873
875
877
878
880
883
884
885
887
888
891
892
893
894
895
896
897
898
899
900
901
902
903
905
907
908
909
910
912
914
917
918
920
922
924
925
926
927
928
934
935
936
938
939
940
941
942
943
944
946
948
950
951
953
954
955
957
958
959
962
965
966
967
968
969
973
975
977
978
979
980
981
983
985
988
989
992
993
994
996
997
999
1001
1004
1006
1007
1009
1010
1011
1012
1013
1014
1018
1019
1020
1022
1023
1026
1029
1033
1034
1039
1040
1041
1043
1046
1047
1048
1049
1050
1053
1055
1056
1058
1059
1060
1061
1062
1063
1064
1066
1067
1068
1071
1072
1073
1074
1075
1077
1078
1081
1084
1085
1086
1087
1088
1089
1090
1091
1092
1093
1095
1096
1097
1098
1099
1101
1104
1105
1107
1108
1111
1112
1114
1116
1117
1118
1119
1123
1124
1128
1129
1131
1132
1134
1135
1137
1139
1141
1142
1145
1147
1148
1150
1151
1154
1158
1160
1162
1163
1165
1166
1167
1168
1169
1170
1172
1173
1174
1177
1179
1181
1183
1184
1185
1187
1188
1190
1192
1193
1194
1195
1196
1197
1199
1201
1202
1203
1204
1206
1209
1211
1212
1213
1215
1216
1217
1219
1221
1223
1227
1228
1229
1230
1231
1236
1237
1239
1240
1241
1243
1246
1249
1250
1252
1254
1255
1256
1261
1262
1263
1264
1265
1266
1267
1269
1270
1271
1273
1275
1276
1278
1279
1280
1282
1284
1285
1288
1291
1294
1295
1297
1298
1299
1300
1303
1305
1307
1309
1310
1311
1314
1316
1317
1319
1320
1322
1324
1326
1327
1328
1329
1330
1331
1332
1337
1338
1339
1340
1341
1342
1344
1348
1349
1350
1351
1352
1356
1357
1358
1359
1360
1363
1368
1370
1371
1378
1379
1382
1384
1385
1386
1387
1389
1390
1392
1394
1397
1398
1399
1400
1401
1403
1404
1406
1407
1408
1409
1410
1411
1413
1414
1415
1416
1417
1418
1419
1420
1421
1422
1423
1424
1425
1427
1429
1431
1432
1433
1434
1435
1437
1438
1440
1441
1446
1447
1449
1452
1460
1465
1466
1468
1469
1470
1472
1473
1475
1476
1477
1479
1480
1483
1484
1485
1486
1487
1488
1489
1490
1492
1494
1497
1499
1501
1503
1505
1506
1507
1508
1509
1512
1513
1514
1516
1517
1518
1519
1522
1523
1525
1526
1528
1529
1530
1532
1535
1536
1538
1539
1540
1542
1547
1548
1549
1552
1553
1554
1555
1557
1558
1559
1560
1562
1563
1566
1569
1571
1572
1573
1574
1575
1576
1577
1578
1579
1581
1583
1584
1589
1590
1592
1593
1594
1595
1597
1599
1600
1602
1603
1604
1605
1608
1609
1612
1613
1614
1615
1616
1618
1620
1622
1624
1625
1626
1627
1628
1630
1633
1635
1636
1638
1640
1641
1642
1644
1645
1646
1648
1652
1653
1655
1658
1662
1664
1665
1667
1668
1669
1670
1671
1674
1675
1677
1679
1680
1683
1685
1686
1688
1689
1690
1691
1692
1693
1696
1697
1698
1700
1701
1704
1708
1709
1711
1712
1713
1714
1716
1719
1720
1721
1722
1725
1726
1728
1730
1731
1733
1735
1738
1739
1740
1742
1743
1744
1745
1746
1750
1751
1752
1754
1757
1758
1759
1760
1762
1763
1764
1766
1767
1772
1773
1774
1776
1780
1783
1784
1786
1787
1790
1791
1792
1794
1795
1796
1797
1798
1799
1800
1804
1806
1807
1810
1811
1813
1814
1815
1817
1819
1820
1822
1824
1827
1828
1829
1832
1833
1836
1837
1839
1840
1841
1842
1844
1845
1846
1848
1849
1852
1853
1854
1855
1856
1857
1858
1862
1863
1865
1866
1874
1875
1877
1878
1880
1883
1885
1886
1888
1889
1890
1891
1892
1895
1896
1898
1899
1900
1901
1902
1903
1905
1906
1907
1909
1912
1913
1914
1916
1917
1918
1919
1920
1921
1923
1924
1925
1926
1927
1928
1929
1930
1932
1933
1935
1938
1940
1941
1946
1947
1950
1953
1957
1958
1959
1960
1961
1962
1963
1964
1966
1970
1971
1972
1974
1975
1976
1977
1979
1980
1982
1984
1985
1986
1987
1988
1989
1990
1991
1993
1995
1996
1997
1998
1999
2002
2003
2006
2007
2008
2009
2010
2012
2013
2016
2017
2020
2021
2022
2023
2024
2025
2026
2027
2028
2030
2031
2033
2034
2036
2041
2042
2043
2048
2049
2050
2052
2053
2056
2058
2060
2061
2064
2066
2067
2069
2070
2071
2072
2073
2074
2075
2077
2079
2080
2081
2082
2083
2084
2085
2089
2090
2091
2092
2093
2095
2096
2097
2098
2100
2101
2103
2104
2106
2108
2109
2112
2113
2116
2117
2118
2120
2121
2122
2123
2124
2125
2126
2127
2128
2129
2131
2132
2135
2136
2137
2138
2141
2143
2144
2146
2148
2151
2153
2155
2157
2158
2159
2162
2163
2164
2165
2167
2171
2172
2173
2175
2176
2177
2179
2180
2183
2185
2187
2188
2192
2193
2195
2196
2197
2198
2199
2203
2206
2211
2213
2215
2216
2219
2220
2221
2222
2223
2224
2225
2226
2228
2229
2230
2233
2235
2236
2237
2241
2242
2244
2246
2250
2251
2252
2253
2254
2259
2260
2261
2263
2264
2265
2267
2268
2270
2271
2272
2274
2275
2276
2278
2280
2281
2283
2287
2291
2295
2296
2297
2298
2299
2300
2301
2302
2304
2306
2308
2310
2311
2312
2313
2315
2316
2318
2319
2321
2323
2324
2327
2328
2331
2332
2333
2335
2336
2337
2339
2349
2351
2352
2354
2355
2356
2357
2358
2360
2361
2362
2363
2364
2365
2368
2370
2371
2372
2373
2375
2376
2377
2378
2379
2380
2381
2382
2384
2385
2389
2391
2394
2395
2396
2397
2398
2399
2402
2403
2404
2405
2406
2407
2408
2410
2412
2413
2414
2416
2417
2418
2420
2423
2424
2426
2427
2429
2431
2432
2433
2434
2435
2436
2439
2441
2442
2443
2444
2445
2447
2448
2450
2451
2452
2453
2457
2463
2465
2466
2467
2468
2471
2472
2473
2476
2477
2479
2480
2481
2483
2484
2485
2487
2491
2492
2493
2495
2496
2500
2501
2504
2505
2506
2507
2508
2512
2516
2518
2520
2521
2522
2523
2524
2525
2526
2528
2529
2530
2534
2535
2536
2537
2539
2540
2541
2542
2543
2544
2546
2547
2548
2549
2550
2551
2552
2553
2554
2555
2557
2558
2560
2561
2562
2563
2565
2566
2568
2569
2570
2572
2574
2575
2576
2577
2579
2580
2581
2583
2586
2587
2588
2591
2592
2596
2600
2601
2604
2607
2608
2609
2611
2612
2614
2615
2616
2622
2625
2627
2628
2629
2631
2633
2635
2637
2639
2640
2641
2645
2646
2647
2648
2652
2654
2656
2657
2660
2661
2663
2666
2667
2668
2669
2670
2671
2674
2676
2679
2680
2685
2686
2689
2691
2694
2696
2699
2700
2703
2704
2705
2710
2712
2714
2715
2716
2718
2720
2721
2723
2727
2728
2729
2730
2731
2732
2733
2735
2737
2738
2739
2740
2741
2744
2747
2748
2750
2753
2754
2755
2757
2758
2759
2760
2761
2765
2770
2773
2774
2775
2776
2778
2780
2781
2783
2784
2785
2788
2790
2792
2794
2795
2796
2798
2804
2805
2808
2809
2810
2811
2812
2813
2815
2816
2817
2818
2819
2820
2821
2822
2824
2826
2827
2828
2830
2832
2834
2836
2839
2840
2842
2843
2844
2846
2847
2848
2850
2855
2857
2858
2863
2865
2866
2867
2870
2874
2875
2877
2878
2879
2881
2882
2883
2888
2889
2896
2897
2898
2901
2902
2903
2905
2908
2909
2914
2915
2916
2919
2921
2922
2925
2926
2929
2930
2933
2935
2936
2938
2939
2940
2941
2943
2945
2946
2947
2948
2949
2950
2951
2952
2953
2954
2956
2958
2959
2960
2962
2963
2964
2965
2967
2968
2969
2971
2972
2973
2975
2976
2977
2978
2979
2980
2983
2984
2988
2992
2994
2995
2996
2997
2998
3001
3002
3004
3005
3006
3008
3009
3010
3011
3012
3014
3015
3016
3017
3018
3019
3020
3022
3024
3026
3027
3028
3029
3030
3032
3033
3034
3036
3037
3038
3039
3041
3042
3043
3044
3045
3047
3048
3052
3053
3054
3055
3056
3058
3060
3061
3063
3065
3066
3068
3069
3070
3071
3072
3073
3074
3076
3077
3078
3079
3081
3084
3085
3086
3088
3092
3093
3096
3097
3099
3100
3101
3102
3105
3108
3109
3111
3112
3113
3114
3116
3121
3123
3125
3127
3128
3130
3131
3132
3133
3138
3142
3144
3145
3147
3148
3150
3151
3153
3155
3159
3160
3161
3162
3163
3164
3165
3177
3178
3180
3182
3183
3184
3185
3186
3187
3189
3191
3192
3193
3194
3197
3198
3199
3200
3201
3202
3203
3204
3206
3207
3208
3212
3213
3214
3216
3217
3218
3220
3221
3223
3224
3227
3229
3231
3232
3233
3235
3236
3238
3239
3241
3243
3244
3246
3247
3250
3251
3254
3256
3258
3259
3261
3263
3264
3265
3266
3267
3269
3270
3272
3275
3276
3278
3279
3280
3281
3283
3284
3286
3287
3291
3293
3299
3302
3303
3304
3305
3307
3309
3311
3312
3314
3315
3316
3317
3318
3320
3321
3323
3325
3326
3327
3328
3330
3331
3332
3333
3334
3338
3339
3340
3341
3344
3346
3347
3349
3351
3353
3356
3357
3358
3360
3362
3364
3367
3368
3369
3371
3372
3375
3376
3378
3379
3380
3381
3382
3383
3384
3385
3388
3390
3391
3392
3393
3394
3396
3401
3402
3403
3405
3408
3410
3411
3412
3415
3416
3417
3418
3420
3421
3423
3424
3427
3428
3429
3430
3433
3434
3435
3436
3437
3438
3439
3440
3441
3442
3443
3444
3446
3447
3451
3452
3454
3455
3456
3457
3460
3461
3464
3467
3468
3469
3470
3471
3474
3476
3477
3478
3479
3480
3482
3483
3484
3487
3489
3491
3492
3493
3494
3496
3497
3498
3499
3501
3502
3503
3504
3505
3506
3507
3509
3511
3514
3515
3521
3523
3524
3525
3527
3528
3529
3530
3534
3535
3536
3538
3539
3541
3543
3545
3546
3547
3548
3549
3553
3555
3556
3557
3558
3560
3561
3565
3566
3567
3570
3571
3574
3576
3578
3579
3580
3581
3582
3583
3586
3587
3592
3595
3596
3602
3605
3606
3609
3611
3612
3617
3619
3620
3621
3622
3623
3624
3625
3628
3629
3631
3632
3633
3634
3635
3637
3639
3640
3641
3642
3643
3645
3647
3648
3650
3651
3652
3653
3654
3655
3657
3658
3660
3661
3662
3666
3672
3677
3679
3680
3681
3682
3683
3684
3685
3687
3688
3689
3690
3692
3693
3694
3697
3700
3701
3703
3704
3706
3708
3711
3712
3713
3714
3715
3720
3721
3722
3723
3724
3727
3728
3729
3731
3732
3734
3735
3736
3738
3743
3744
3746
3748
3749
3752
3753
3755
3756
3759
3760
3762
3764
3768
3769
3770
3774
3775
3776
3777
3778
3779
3780
3781
3782
3783
3784
3786
3787
3789
3790
3791
3792
3794
3795
3798
3799
3800
3801
3802
3804
3806
3807
3809
3810
3811
3812
3814
3815
3816
3817
3819
3820
3823
3824
3825
3827
3829
3830
3832
3833
3839
3840
3842
3845
3846
3849
3850
3851
3854
3856
3858
3859
3860
3861
3862
3863
3864
3865
3866
3869
3870
3871
3876
3877
3878
3881
3883
3884
3885
3886
3887
3888
3891
3892
3894
3895
3896
3897
3899
3901
3903
3904
3905
3907
3911
3912
3913
3914
3916
3917
3918
3919
3922
3924
3928
3930
3931
3934
3935
3936
3937
3938
3939
3940
3941
3942
3943
3944
3945
3946
3947
3948
3949
3950
3953
3954
3955
3956
3957
3958
3960
3961
3964
3967
3968
3969
3970
3971
3972
3973
3974
3975
3977
3978
3979
3981
3982
3983
3985
3987
3989
3991
3992
3995
3998
3999
4000
4003
4005
4006
4008
4009
4011
4013
4014
4015
4019
4020
4024
4026
4028
4035
4037
4038
4040
4041
4044
4045
4046
4047
4048
4049
4051
4052
4053
4055
4058
4060
4061
4062
4063
4065
4066
4068
4069
4071
4073
4074
4075
4077
4078
4084
4085
4088
4092
4093
4095
4097
4098
4099
4101
4103
4104
4107
4109
4111
4112
4113
4114
4115
4117
4118
4119
4121
4122
4123
4124
4125
4126
4127
4129
4131
4132
4133
4134
4135
4136
4138
4139
4140
4142
4143
4144
4149
4150
4151
4153
4154
4155
4156
4157
4158
4159
4160
4164
4165
4166
4169
4170
4171
4173
4174
4175
4176
4177
4179
4181
4183
4187
4189
4190
4191
4193
4194
4197
4198
4203
4204
4205
4206
4207
4208
4209
4210
4211
4212
4213
4214
4216
4217
4218
4219
4222
4223
4225
4226
4227
4228
4229
4234
4236
4237
4239
4240
4243
4244
4246
4248
4249
4251
4252
4253
4255
4256
4257
4258
4259
4260
4261
4262
4264
4265
4266
4271
4275
4276
4281
4282
4283
4284
4285
4286
4288
4289
4290
4291
4292
4293
4295
4296
4297
4299
4301
4302
4306
4307
4308
4309
4310
4311
4312
4313
4314
4315
4316
4319
4320
4321
4324
4325
4330
4331
4332
4333
4336
4337
4339
4340
4341
4343
4345
4346
4347
4348
4351
4352
4356
4357
4358
4360
4363
4364
4367
4372
4373
4375
4376
4377
4378
4379
4381
4383
4385
4387
4390
4392
4393
4394
4395
4396
4397
4399
4400
4402
4403
4406
4409
4412
4414
4415
4417
4419
4421
4423
4426
4427
4429
4431
4434
4436
4437
4438
4440
4441
4448
4458
4461
4464
4465
4467
4468
4469
4470
4471
4472
4477
4479
4480
4483
4485
4486
4487
4488
4489
4490
4491
4492
4493
4494
4495
4496
4497
4498
4499
4504
4507
4508
4512
4516
4519
4521
4523
4526
4527
4528
4530
4531
4535
4537
4538
4541
4542
4543
4544
4545
4546
4548
4549
4551
4553
4555
4556
4557
4558
4559
4561
4562
4563
4565
4567
4570
4571
4573
4574
4575
4578
4579
4581
4583
4584
4587
4588
4589
4591
4592
4597
4599
4600
4601
4602
4603
4604
4606
4608
4609
4611
4613
4619
4620
4621
4622
4624
4628
4629
4630
4631
4632
4634
4635
4636
4637
4639
4641
4645
4646
4647
4648
4649
4653
4654
4655
4656
4659
4661
4662
4665
4667
4669
4670
4671
4672
4675
4678
4685
4688
4689
4691
4692
4693
4695
4696
4697
4698
4700
4701
4702
4704
4705
4709
4710
4711
4712
4715
4716
4718
4719
4720
4721
4726
4728
4729
4730
4731
4732
4734
4735
4736
4737
4741
4744
4745
4746
4748
4750
4751
4752
4754
4756
4757
4759
4760
4763
4766
4767
4768
4769
4770
4771
4772
4773
4774
4775
4776
4777
4780
4781
4782
4783
4784
4785
4791
4793
4796
4798
4800
4801
4803
4804
4805
4806
4807
4809
4810
4814
4816
4817
4818
4819
4822
4823
4824
4826
4830
4831
4832
4833
4834
4835
4836
4839
4840
4841
4842
4843
4844
4846
4847
4848
4849
4850
4851
4852
4853
4858
4859
4860
4861
4864
4868
4869
4870
4871
4873
4874
4875
4876
4877
4878
4881
4883
4887
4888
4892
4893
4894
4896
4897
4898
4899
4901
4902
4907
4909
4910
4911
4912
4913
4914
4915
4916
4917
4918
4919
4920
4923
4925
4927
4928
4929
4930
4931
4932
4934
4935
4936
4937
4938
4939
4940
4941
4944
4945
4946
4947
4948
4949
4950
4953
4954
4955
4956
4957
4958
4959
4960
4961
4965
4967
4969
4971
4973
4974
4975
4976
4977
4978
4981
4982
4984
4985
4988
4992
4997
4998
5000
5001
5004
5005
5006
5007
5008
5009
5010
5012
5013
5014
5018
5019
5021
5022
5023
5024
5025
5027
5029
5030
5031
5032
5033
5036
5037
5040
5041
5046
5047
5048
5049
5050
5051
5053
5055
5056
5057
5059
5060
5061
5062
5065
5066
5068
5069
5071
5073
5075
5076
5077
5079
5080
5085
5087
5088
5089
5091
5092
5093
5094
5096
5097
5098
5099
5100
5103
5105
5111
5112
5116
5117
5118
5119
5121
5122
5125
5127
5130
5132
5133
5134
5135
5136
5137
5138
5139
5140
5141
5142
5143
5144
5150
5151
5152
5154
5156
5157
5158
5159
5160
5162
5164
5165
5167
5168
5170
5172
5173
5174
5175
5179
5180
5182
5183
5184
5185
5186
5187
5189
5192
5193
5195
5196
5197
5198
5199
5201
5204
5206
5207
5208
5209
5210
5211
5212
5216
5217
5218
5219
5220
5223
5224
5226
5227
5229
5232
5233
5234
5236
5237
5238
5239
5240
5241
5244
5245
5247
5248
5249
5250
5251
5252
5253
5254
5259
5260
5261
5263
5264
5265
5266
5267
5268
5269
5270
5273
5274
5275
5276
5277
5278
5279
5283
5284
5285
5287
5288
5290
5291
5295
5299
5302
5305
5306
5307
5310
5311
5312
5314
5316
5317
5320
5321
5322
5323
5325
5326
5329
5331
5332
5333
5335
5336
5338
5339
5341
5342
5343
5344
5345
5348
5349
5350
5351
5352
5353
5354
5355
5357
5358
5361
5362
5363
5364
5365
5368
5369
5370
5372
5373
5376
5377
5379
5380
5381
5382
5383
5386
5389
5394
5395
5396
5397
5401
5405
5408
5409
5410
5411
5413
5415
5416
5418
5419
5420
5421
5422
5423
5424
5425
5426
5427
5428
5430
5431
5432
5433
5435
5436
5437
5438
5439
5441
5442
5447
5448
5449
5450
5454
5456
5457
5458
5459
5460
5461
5462
5463
5465
5466
5468
5471
5472
5474
5476
5477
5478
5479
5481
5482
5483
5484
5487
5488
5489
5490
5491
5493
5497
5498
5499
5501
5503
5504
5507
5509
5510
5513
5514
5515
5516
5517
5520
5522
5524
5525
5526
5529
5531
5533
5535
5537
5539
5541
5542
5543
5544
5545
5549
5550
5552
5555
5558
5561
5562
5563
5567
5569
5570
5573
5574
5575
5576
5580
5581
5583
5585
5586
5588
5589
5591
5594
5595
5596
5597
5598
5599
5600
5601
5602
5604
5605
5606
5607
5608
5610
5613
5615
5616
5617
5618
5619
5620
5621
5622
5623
5624
5625
5626
5627
5628
5629
5630
5633
5634
5636
5637
5640
5641
5642
5645
5647
5648
5650
5651
5652
5653
5657
5662
5663
5664
5665
5666
5667
5668
5670
5672
5673
5674
5676
5677
5679
5680
5681
5682
5684
5685
5687
5688
5690
5691
5693
5695
5696
5697
5698
5699
5700
5701
5704
5706
5709
5710
5711
5713
5714
5715
5716
5718
5720
5721
5722
5723
5724
5725
5727
5730
5735
5736
5737
5742
5743
5744
5745
5747
5751
5752
5754
5755
5756
5757
5764
5765
5766
5769
5771
5773
5777
5778
5779
5781
5782
5783
5784
5788
5789
5791
5792
5794
5795
5796
5797
5798
5801
5802
5803
5805
5807
5808
5810
5813
5814
5816
5817
5819
5821
5822
5824
5825
5830
5831
5832
5833
5835
5836
5837
5840
5841
5845
5848
5849
5850
5851
5853
5855
5856
5858
5859
5860
5862
5863
5866
5867
5868
5869
5871
5872
5873
5875
5876
5877
5878
5880
5881
5882
5884
5886
5887
5888
5889
5890
5891
5893
5894
5895
5896
5898
5899
5900
5901
5902
5903
5904
5905
5906
5909
5910
5911
5912
5915
5916
5920
5921
5924
5926
5927
5928
5930
5932
5935
5936
5938
5939
5940
5941
5943
5944
5945
5947
5949
5950
5951
5953
5955
5956
5957
5958
5963
5965
5967
5969
5973
5975
5976
5977
5980
5981
5982
5983
5986
5987
5988
5990
5991
5992
5993
5995
5996
5997
5999
6001
6002
6003
6006
6009
6011
6012
6013
6014
6015
6017
6020
6021
6024
6025
6026
6027
6028
6029
6030
6031
6033
6035
6036
6037
6038
6039
6041
6045
6046
6047
6050
6053
6055
6056
6059
6060
6061
6066
6067
6068
6071
6072
6075
6077
6078
6080
6081
6082
6083
6084
6086
6088
6092
6094
6095
6101
6102
6103
6104
6106
6107
6109
6110
6111
6112
6114
6115
6118
6119
6120
6121
6122
6123
6124
6125
6126
6127
6129
6130
6132
6133
6134
6137
6138
6140
6142
6143
6145
6146
6150
6151
6152
6155
6156
6158
6159
6162
6164
6166
6167
6168
6169
6170
6172
6173
6174
6176
6178
6180
6182
6183
6186
6187
6188
6189
6191
6192
6195
6197
6198
6200
6201
6202
6203
6204
6205
6206
6207
6209
6211
6214
6215
6216
6217
6218
6222
6224
6226
6227
6229
6232
6233
6239
6240
6241
6243
6244
6245
6247
6248
6249
6251
6253
6254
6257
6258
6261
6264
6267
6269
6270
6271
6272
6273
6274
6275
6276
6277
6283
6284
6285
6287
6290
6292
6294
6295
6296
6298
6299
6300
6304
6305
6306
6308
6309
6311
6312
6313
6314
6316
6318
6319
6321
6322
6323
6324
6325
6327
6328
6329
6332
6333
6334
6337
6338
6339
6341
6342
6343
6346
6349
6351
6352
6353
6354
6356
6357
6359
6362
6364
6365
6367
6368
6371
6372
6373
6375
6376
6379
6381
6382
6383
6385
6386
6387
6389
6391
6392
6395
6397
6401
6402
6405
6406
6407
6408
6409
6410
6411
6412
6414
6415
6417
6418
6421
6425
6426
6432
6433
6436
6437
6438
6439
6440
6441
6445
6446
6452
6454
6455
6456
6457
6458
6459
6461
6462
6466
6467
6470
6471
6472
6474
6476
6477
6478
6480
6482
6484
6485
6486
6487
6488
6490
6493
6495
6496
6497
6498
6501
6503
6505
6506
6510
6512
6513
6516
6518
6520
6521
6523
6526
6527
6528
6529
6530
6531
6532
6533
6539
6541
6542
6544
6546
6547
6549
6550
6552
6553
6556
6558
6560
6562
6569
6570
6571
6572
6574
6576
6577
6578
6583
6585
6587
6588
6589
6590
6592
6594
6595
6596
6599
6600
6605
6607
6608
6610
6612
6613
6614
6616
6618
6619
6620
6621
6623
6624
6625
6626
6628
6630
6631
6632
6637
6639
6640
6641
6643
6644
6645
6646
6651
6652
6654
6655
6656
6657
6658
6659
6660
6662
6663
6664
6666
6669
6670
6671
6673
6674
6676
6677
6680
6681
6683
6684
6688
6691
6693
6696
6697
6699
6700
6702
6704
6705
6706
6708
6709
6710
6711
6715
6716
6717
6718
6719
6721
6722
6723
6724
6726
6730
6733
6734
6735
6736
6737
6738
6739
6740
6741
6742
6743
6745
6748
6749
6750
6753
6754
6756
6758
6759
6760
6761
6764
6766
6767
6768
6769
6773
6776
6777
6778
6779
6781
6782
6785
6788
6790
6791
6792
6798
6799
6800
6801
6805
6807
6808
6809
6813
6814
6815
6818
6819
6820
6823
6824
6825
6826
6828
6831
6832
6833
6836
6837
6838
6840
6841
6844
6848
6849
6850
6853
6854
6855
6858
6859
6862
6863
6864
6865
6866
6868
6869
6870
6872
6873
6874
6875
6876
6877
6880
6882
6885
6886
6887
6889
6892
6893
6894
6895
6896
6898
6901
6902
6903
6904
6905
6906
6907
6908
6909
6911
6912
6914
6915
6919
6921
6923
6925
6926
6928
6929
6931
6932
6933
6935
6936
6938
6940
6942
6943
6944
6949
6950
6953
6954
6955
6957
6959
6960
6962
6963
6965
6970
6971
6972
6973
6974
6976
6977
6979
6980
6981
6982
6983
6984
6985
6988
6990
6991
6992
6994
6997
7000
7001
7002
7003
7005
7008
7011
7015
7016
7017
7019
7020
7021
7023
7024
7025
7026
7027
7028
7031
7032
7033
7034
7040
7041
7042
7043
7044
7045
7047
7049
7050
7051
7055
7056
7058
7059
7060
7062
7065
7066
7069
7070
7072
7073
7077
7079
7080
7082
7083
7084
7085
7087
7088
7089
7091
7092
7093
7095
7097
7098
7099
7100
7101
7102
7104
7111
7112
7113
7114
7117
7120
7123
7124
7125
7127
7129
7130
7131
7133
7135
7136
7137
7138
7139
7140
7142
7143
7146
7148
7150
7151
7153
7154
7157
7158
7161
7162
7163
7164
7165
7166
7169
7170
7172
7173
7174
7175
7179
7181
7183
7185
7186
7187
7188
7189
7191
7193
7194
7195
7197
7198
7200
7206
7207
7208
7210
7211
7212
7214
7217
7218
7221
7222
7223
7224
7225
7227
7229
7230
7231
7232
7233
7237
7238
7239
7240
7243
7244
7245
7246
7247
7248
7249
7250
7251
7252
7254
7255
7256
7258
7261
7262
7263
7265
7267
7268
7270
7271
7272
7274
7276
7278
7280
7281
7282
7283
7284
7285
7286
7287
7290
7291
7292
7293
7295
7296
7297
7300
7301
7302
7305
7307
7309
7310
7311
7312
7315
7316
7317
7319
7320
7324
7327
7328
7331
7332
7336
7338
7340
7342
7343
7344
7347
7350
7356
7357
7361
7362
7368
7369
7370
7374
7375
7377
7378
7380
7381
7383
7384
7386
7387
7390
7394
7395
7396
7397
7399
7400
7401
7402
7403
7404
7409
7410
7411
7413
7419
7421
7422
7423
7424
7425
7427
7429
7430
7434
7435
7436
7438
7439
7440
7441
7444
7447
7448
7452
7455
7456
7457
7458
7460
7463
7464
7465
7466
7467
7468
7469
7470
7472
7473
7474
7476
7477
7478
7479
7481
7482
7484
7485
7488
7489
7490
7492
7493
7496
7498
7499
7500
7502
7504
7505
7506
7508
7509
7511
7512
7514
7516
7517
7518
7520
7521
7522
7523
7527
7530
7532
7534
7535
7536
7540
7543
7544
7547
7549
7550
7552
7553
7554
7558
7561
7562
7563
7564
7565
7566
7567
7569
7572
7573
7574
7579
7580
7581
7582
7584
7585
7587
7588
7589
7594
7596
7598
7599
7606
7610
7611
7613
7616
7618
7619
7621
7622
7623
7624
7625
7627
7630
7632
7634
7636
7637
7639
7640
7641
7643
7644
7645
7647
7648
7649
7651
7652
7654
7657
7658
7659
7660
7661
7663
7664
7665
7666
7667
7668
7670
7671
7672
7677
7678
7680
7681
7684
7685
7686
7687
7688
7689
7692
7693
7695
7698
7701
7703
7704
7706
7708
7710
7711
7712
7714
7716
7719
7720
7721
7723
7725
7728
7729
7730
7732
7733
7734
7735
7736
7738
7739
7740
7741
7742
7743
7745
7748
7750
7753
7755
7757
7758
7760
7761
7763
7765
7769
7772
7774
7776
7777
7778
7779
7782
7783
7786
7787
7788
7790
7792
7793
7794
7800
7803
7805
7809
7810
7811
7813
7814
7816
7817
7818
7823
7824
7825
7826
7827
7829
7832
7833
7835
7836
7837
7839
7840
7841
7842
7843
7845
7846
7848
7852
7854
7858
7859
7860
7861
7862
7863
7866
7867
7868
7869
7870
7873
7874
7876
7877
7878
7879
7880
7881
7882
7883
7884
7887
7888
7889
7890
7891
7893
7895
7898
7899
7900
7901
7902
7903
7904
7907
7908
7910
7911
7912
7915
7916
7917
7918
7920
7922
7923
7925
7926
7928
7929
7931
7932
7934
7937
7938
7940
7941
7942
7943
7944
7945
7946
7947
7948
7949
7950
7952
7954
7957
7958
7960
7961
7964
7966
7970
7971
7972
7973
7977
7978
7979
7982
7983
7984
7985
7987
7988
7989
7990
7991
7992
7996
7997
7999
8003
8004
8005
8008
8009
8010
8012
8014
8017
8018
8019
8020
8021
8022
8025
8027
8028
8030
8032
8034
8035
8036
8039
8041
8042
8043
8044
8046
8047
8050
8051
8052
8055
8056
8057
8058
8059
8060
8062
8064
8067
8068
8069
8070
8071
8073
8076
8077
8078
8079
8080
8081
8082
8083
8084
8085
8088
8089
8092
8093
8094
8096
8097
8098
8099
8100
8101
8102
8106
8107
8108
8110
8111
8112
8113
8114
8117
8119
8120
8121
8123
8124
8129
8130
8131
8132
8135
8137
8139
8140
8141
8142
8145
8146
8147
8148
8150
8151
8153
8154
8157
8158
8159
8161
8162
8163
8166
8167
8168
8169
8172
8174
8176
8177
8179
8180
8183
8184
8185
8187
8189
8190
8192
8193
8196
8200
8201
8203
8204
8207
8209
8211
8212
8213
8215
8216
8218
8224
8225
8226
8229
8230
8232
8233
8235
8237
8239
8240
8242
8243
8245
8247
8248
8253
8254
8256
8257
8259
8261
8263
8266
8267
8269
8271
8277
8278
8279
8280
8281
8282
8283
8284
8285
8286
8287
8288
8290
8291
8292
8294
8297
8300
8302
8304
8306
8307
8308
8309
8311
8312
8314
8315
8317
8318
8319
8320
8322
8328
8330
8331
8332
8335
8337
8338
8339
8340
8342
8343
8350
8351
8352
8354
8355
8357
8358
8360
8361
8362
8364
8365
8366
8367
8369
8370
8372
8373
8374
8375
8378
8379
8380
8382
8385
8387
8388
8389
8391
8393
8394
8395
8396
8400
8403
8404
8407
8410
8411
8412
8414
8415
8416
8417
8419
8420
8421
8422
8423
8424
8426
8428
8429
8431
8432
8434
8439
8440
8442
8443
8445
8447
8449
8450
8452
8455
8456
8457
8459
8460
8461
8462
8463
8464
8468
8469
8470
8471
8472
8475
8476
8477
8478
8485
8487
8488
8489
8490
8492
8493
8494
8495
8497
8498
8500
8502
8503
8505
8507
8508
8509
8510
8511
8512
8513
8517
8518
8520
8521
8522
8524
8526
8528
8530
8531
8534
8536
8538
8544
8545
8548
8549
8550
8551
8552
8554
8555
8557
8559
8560
8561
8563
8565
8566
8567
8568
8571
8573
8576
8577
8578
8579
8581
8584
8588
8589
8592
8596
8597
8603
8605
8607
8610
8611
8612
8613
8615
8617
8618
8621
8622
8624
8625
8627
8628
8629
8633
8637
8638
8639
8641
8644
8645
8647
8648
8649
8650
8651
8653
8654
8657
8658
8659
8660
8662
8664
8665
8666
8667
8672
8673
8674
8677
8678
8679
8680
8681
8682
8683
8684
8685
8686
8688
8689
8690
8691
8693
8694
8695
8697
8701
8702
8703
8704
8705
8707
8709
8710
8711
8712
8713
8715
8716
8718
8720
8721
8724
8725
8726
8727
8728
8729
8730
8731
8732
8733
8734
8736
8740
8742
8743
8745
8746
8747
8749
8750
8752
8753
8754
8755
8756
8759
8761
8764
8767
8769
8773
8775
8776
8778
8779
8780
8784
8787
8789
8790
8791
8793
8797
8798
8800
8801
8803
8804
8808
8810
8811
8812
8813
8814
8815
8816
8819
8823
8824
8825
8826
8827
8828
8829
8831
8832
8834
8835
8836
8838
8841
8842
8843
8844
8845
8849
8850
8851
8852
8855
8858
8861
8862
8863
8865
8866
8867
8869
8871
8872
8873
8874
8875
8876
8878
8879
8882
8883
8884
8885
8886
8887
8889
8890
8892
8894
8895
8896
8897
8899
8900
8901
8902
8903
8907
8912
8914
8920
8922
8923
8925
8927
8929
8930
8931
8933
8937
8938
8939
8940
8942
8943
8944
8946
8948
8949
8951
8952
8957
8958
8959
8960
8961
8962
8967
8968
8969
8971
8972
8974
8976
8978
8982
8984
8986
8988
8990
8991
8992
8994
8996
8997
8998
9000
9001
9002
9003
9005
9006
9007
9008
9011
9012
9014
9015
9016
9018
9019
9020
9024
9025
9028
9031
9033
9034
9036
9037
9039
9040
9041
9042
9043
9044
9045
9046
9047
9049
9050
9051
9055
9056
9057
9058
9059
9060
9061
9062
9063
9064
9066
9067
9069
9070
9073
9075
9076
9078
9079
9081
9082
9083
9084
9085
9087
9088
9089
9093
9096
9099
9100
9101
9103
9104
9105
9108
9109
9111
9112
9114
9115
9117
9118
9119
9120
9121
9122
9123
9128
9129
9131
9133
9136
9138
9139
9140
9143
9145
9147
9150
9152
9154
9155
9156
9157
9158
9159
9164
9165
9168
9174
9175
9176
9177
9180
9181
9182
9185
9186
9187
9188
9192
9193
9194
9195
9199
9200
9201
9202
9205
9207
9208
9209
9210
9213
9214
9216
9217
9219
9221
9222
9224
9230
9231
9232
9233
9234
9235
9238
9239
9240
9241
9242
9246
9247
9250
9251
9254
9257
9261
9263
9264
9267
9270
9271
9274
9279
9280
9287
9288
9289
9292
9293
9294
9296
9298
9299
9300
9301
9303
9306
9309
9312
9316
9317
9318
9319
9321
9325
9326
9327
9330
9333
9334
9336
9338
9339
9341
9343
9344
9345
9347
9348
9349
9350
9353
9355
9356
9357
9360
9362
9366
9367
9369
9370
9372
9373
9375
9377
9379
9380
9381
9382
9383
9384
9385
9387
9388
9390
9393
9396
9397
9398
9399
9401
9403
9404
9405
9407
9410
9411
9412
9415
9417
9418
9419
9420
9423
9424
9425
9427
9429
9430
9431
9434
9435
9439
9442
9444
9445
9446
9447
9448
9449
9452
9456
9458
9459
9460
9461
9462
9463
9464
9469
9475
9476
9480
9481
9482
9483
9484
9485
9486
9487
9490
9491
9493
9494
9495
9496
9499
9502
9503
9504
9509
9510
9511
9513
9514
9515
9517
9518
9520
9521
9526
9531
9532
9533
9534
9535
9536
9537
9538
9540
9542
9543
9544
9545
9547
9549
9551
9554
9555
9557
9559
9560
9561
9562
9563
9566
9567
9569
9570
9572
9573
9574
9575
9576
9577
9579
9580
9583
9584
9585
9586
9587
9588
9590
9593
9596
9597
9598
9600
9601
9603
9604
9605
9606
9607
9608
9609
9610
9612
9615
9618
9619
9622
9623
9624
9628
9630
9631
9633
9636
9637
9638
9639
9641
9642
9646
9647
9649
9650
9656
9657
9662
9664
9665
9666
9667
9669
9670
9672
9677
9678
9681
9682
9686
9688
9689
9690
9691
9693
9697
9700
9701
9703
9705
9706
9709
9710
9715
9717
9724
9725
9726
9727
9730
9731
9732
9735
9737
9738
9739
9740
9742
9743
9747
9748
9750
9752
9753
9754
9755
9756
9758
9759
9760
9762
9763
9764
9766
9768
9771
9772
9773
9775
9776
9777
9779
9780
9781
9782
9783
9785
9786
9787
9789
9790
9792
9794
9795
9796
9802
9805
9806
9807
9809
9810
9811
9814
9815
9817
9819
9820
9821
9822
9823
9825
9827
9828
9829
9830
9831
9832
9833
9834
9836
9837
9839
9841
9843
9844
9845
9846
9847
9848
9849
9850
9852
9853
9854
9856
9857
9858
9860
9862
9864
9866
9868
9869
9871
9873
9874
9876
9878
9881
9882
9884
9885
9886
9888
9890
9891
9895
9897
9898
9900
9902
9903
9904
9907
9908
9910
9913
9915
9916
9917
9918
9920
9921
9926
9931
9932
9933
9934
9935
9936
9937
9939
9940
9941
9943
9945
9947
9948
9950
9951
9952
9953
9957
9958
9959
9960
9962
9963
9964
9965
9966
9967
9968
9969
9970
9972
9974
9977
9980
9983
9985
9987
9989
9993
9995
9996
9997
9998
