000003
000004
000005
000008
000009
000012
000013
000014
000015
000018
000020
000021
000022
000023
000024
000025
000027
000028
000029
000030
000032
000034
000037
000041
000043
000044
000045
000046
000048
000049
000050
000051
000053
000054
000056
000057
000060
000061
000062
000063
000064
000065
000069
000070
000072
000073
000074
000075
000076
000077
000078
000080
000081
000084
000085
000087
000088
000089
000090
000091
000093
000095
000096
000099
000100
000101
000102
000104
000105
000106
000107
000108
000109
000111
000113
000114
000117
000120
000121
000123
000130
000131
000132
000133
000134
000138
000139
000140
000141
000143
000147
000148
000150
000151
000152
000154
000158
000159
000163
000164
000167
000168
000170
000171
000173
000175
000176
000178
000179
000181
000182
000183
000185
000188
000193
000194
000197
000199
000200
000201
000202
000205
000206
000209
000210
000212
000213
000214
000215
000217
000220
000221
000224
000225
000227
000229
000231
000233
000234
000235
000236
000239
000240
000242
000243
000244
000246
000247
000248
000250
000251
000253
000254
000255
000256
000258
000259
000261
000262
000263
000264
000266
000267
000268
000270
000271
000278
000279
000280
000281
000282
000283
000285
000286
000289
000290
000291
000292
000294
000295
000297
000299
000300
000302
000303
000306
000310
000311
000313
000315
000316
000319
000321
000323
000325
000326
000327
000328
000330
000331
000332
000334
000335
000336
000337
000338
000339
000342
000343
000344
000345
000346
000349
000350
000351
000352
000357
000358
000360
000364
000366
000367
000369
000370
000371
000374
000376
000377
000378
000379
000380
000384
000385
000386
000388
000390
000391
000392
000393
000394
000397
000400
000401
000402
000406
000407
000412
000413
000415
000416
000417
000418
000421
000423
000424
000428
000429
000430
000433
000434
000435
000437
000438
000439
000440
000447
000448
000451
000454
000455
000457
000458
000460
000461
000462
000463
000464
000467
000469
000470
000471
000473
000475
000476
000478
000479
000480
000482
000484
000485
000488
000489
000492
000493
000494
000496
000497
000499
000500
000501
000503
000504
000506
000507
000508
000510
000511
000513
000516
000518
000520
000521
000523
000524
000525
000526
000528
000530
000532
000533
000534
000536
000537
000538
000539
000540
000545
000546
000547
000548
000549
000550
000551
000552
000554
000558
000560
000562
000564
000565
000568
000569
000571
000574
000575
000578
000579
000581
000583
000585
000587
000590
000591
000593
000594
000595
000599
000600
000601
000602
000612
000613
000614
000616
000617
000618
000620
000621
000623
000624
000625
000626
000627
000628
000630
000631
000633
000635
000636
000641
000642
000643
000644
000645
000646
000648
000650
000651
000652
000653
000655
000656
000658
000659
000660
000662
000663
000666
000667
000668
000669
000670
000671
000672
000673
000675
000676
000678
000681
000682
000683
000684
000690
000691
000692
000693
000699
000700
000701
000704
000705
000706
000707
000708
000709
000711
000712
000713
000714
000715
000716
000717
000720
000721
000722
000724
000727
000728
000729
000730
000731
000733
000735
000736
000738
000739
000740
000741
000742
000744
000746
000750
000751
000753
000755
000758
000764
000765
000769
000770
000772
000774
000775
000776
000777
000780
000783
000784
000785
000786
000787
000790
000792
000795
000796
000797
000798
000799
000800
000802
000804
000809
000810
000811
000819
000820
000821
000822
000824
000825
000828
000829
000830
000832
000835
000837
000839
000840
000842
000844
000847
000851
000852
000853
000854
000859
000860
000861
000863
000865
000866
000867
000868
000869
000870
000871
000876
000877
000880
000883
000884
000885
000888
000889
000890
000894
000895
000896
000897
000898
000900
000901
000903
000904
000905
000906
000909
000910
000911
000913
000914
000917
000918
000920
000921
000922
000923
000924
000927
000933
000934
000936
000939
000940
000942
000943
000944
000945
000946
000947
000949
000951
000953
000954
000955
000956
000957
000958
000959
000960
000963
000964
000965
000966
000968
000969
000970
000974
000976
000977
000978
000979
000981
000982
000985
000986
000987
000988
000989
000991
000992
000994
000995
000996
000997
000998
000999
001001
001003
001004
001005
001008
001009
001011
001012
001014
001015
001018
001019
001021
001022
001023
001024
001027
001029
001031
001033
001034
001040
001041
001043
001044
001045
001047
001048
001049
001053
001054
001055
001056
001057
001058
001061
001062
001063
001064
001066
001067
001068
001071
001072
001073
001075
001076
001077
001081
001083
001084
001085
001087
001092
001093
001095
001096
001097
001098
001099
001101
001103
001104
001106
001108
001109
001110
001111
001120
001122
001123
001124
001125
001126
001127
001128
001129
001130
001135
001136
001139
001140
001141
001144
001146
001148
001149
001152
001155
001156
001157
001158
001159
001160
001161
001164
001165
001167
001168
001169
001170
001172
001173
001176
001177
001178
001182
001185
001186
001188
001194
001197
001198
001200
001201
001205
001207
001208
001210
001213
001215
001216
001217
001218
001219
001220
001222
001224
001225
001226
001227
001228
001229
001230
001234
001235
001238
001241
001242
001243
001245
001246
001247
001250
001251
001252
001256
001257
001259
001260
001264
001267
001268
001269
001270
001272
001273
001274
001275
001277
001279
001280
001281
001282
001284
001287
001288
001289
001290
001292
001294
001296
001297
001298
001300
001302
001303
001304
001306
001308
001310
001311
001313
001315
001316
001317
001318
001319
001320
001321
001322
001323
001324
001325
001326
001327
001329
001330
001335
001338
001340
001341
001342
001344
001345
001346
001348
001349
001352
001354
001355
001356
001357
001358
001359
001360
001361
001363
001364
001366
001367
001368
001369
001370
001371
001372
001377
001379
001383
001386
001387
001389
001390
001391
001392
001394
001395
001397
001399
001400
001401
001402
001404
001406
001408
001410
001411
001413
001414
001415
001417
001418
001422
001424
001425
001426
001427
001429
001434
001436
001437
001438
001439
001440
001442
001443
001446
001447
001449
001450
001451
001453
001454
001455
001456
001457
001458
001460
001463
001464
001466
001467
001470
001472
001473
001474
001479
001480
001482
001483
001484
001485
001486
001487
001488
001490
001492
001493
001494
001496
001497
001500
001501
001502
001503
001505
001506
001507
001508
001510
001511
001514
001516
001518
001519
001520
001521
001522
001523
001525
001529
001530
001531
001532
001533
001535
001537
001538
001539
001540
001542
001543
001544
001545
001548
001549
001553
001556
001557
001559
001560
001561
001562
001563
001565
001566
001567
001571
001575
001577
001579
001580
001581
001582
001585
001587
001588
001593
001594
001595
001597
001599
001601
001602
001603
001604
001605
001606
001607
001608
001610
001614
001615
001616
001617
001619
001621
001622
001624
001626
001627
001628
001630
001632
001633
001635
001636
001637
001639
001640
001641
001645
001647
001648
001649
001653
001655
001656
001657
001658
001661
001663
001664
001666
001667
001668
001669
001670
001671
001677
001678
001680
001682
001683
001684
001687
001692
001693
001694
001697
001698
001701
001704
001705
001707
001708
001715
001716
001717
001719
001723
001724
001727
001729
001731
001733
001734
001737
001739
001741
001745
001746
001749
001750
001751
001752
001753
001756
001757
001759
001761
001762
001763
001765
001766
001767
001771
001772
001773
001774
001777
001778
001780
001781
001783
001784
001786
001787
001791
001792
001794
001795
001798
001801
001802
001804
001808
001809
001812
001815
001816
001817
001819
001820
001822
001824
001825
001826
001827
001831
001832
001833
001834
001835
001836
001838
001839
001840
001841
001842
001844
001845
001846
001847
001848
001850
001851
001852
001855
001856
001858
001860
001861
001865
001866
001867
001868
001870
001871
001872
001873
001874
001875
001878
001879
001882
001883
001884
001886
001887
001888
001889
001890
001892
001893
001895
001897
001898
001900
001901
001902
001903
001904
001906
001907
001908
001909
001912
001916
001917
001919
001921
001923
001924
001925
001926
001927
001928
001929
001930
001932
001934
001936
001939
001940
001941
001943
001944
001945
001946
001948
001949
001953
001954
001955
001957
001958
001960
001961
001963
001964
001965
001967
001968
001969
001971
001972
001973
001974
001978
001981
001982
001983
001984
001988
001990
001992
001995
001996
001997
002000
002002
002003
002014
002015
002016
002017
002018
002019
002020
002022
002023
002024
002025
002028
002029
002031
002032
002033
002034
002036
002037
002038
002041
002042
002043
002045
002047
002049
002050
002052
002053
002055
002057
002059
002062
002063
002064
002066
002067
002068
002069
002071
002072
002073
002074
002081
002084
002085
002088
002089
002091
002092
002093
002094
002096
002098
002099
002101
002106
002108
002109
002111
002115
002116
002117
002121
002122
002124
002125
002128
002129
002130
002131
002132
002134
002135
002137
002138
002140
002141
002143
002145
002148
002149
002150
002151
002157
002158
002159
002160
002162
002165
002166
002170
002173
002175
002176
002177
002178
002179
002180
002181
002182
002183
002184
002185
002187
002190
002191
002193
002194
002197
002198
002200
002201
002202
002205
002206
002208
002211
002212
002214
002215
002216
002221
002222
002224
002225
002226
002229
002230
002232
002234
002235
002237
002238
002242
002243
002244
002248
002250
002252
002253
002254
002258
002261
002262
002263
002265
002266
002267
002268
002269
002270
002271
002273
002275
002276
002278
002279
002280
002281
002282
002283
002284
002286
002287
002289
002292
002293
002294
002296
002298
002299
002300
002301
002303
002305
002307
002308
002309
002313
002314
002316
002317
002319
002320
002321
002322
002323
002324
002325
002326
002327
002329
002330
002331
002335
002336
002338
002339
002341
002342
002343
002344
002345
002346
002347
002349
002350
002351
002352
002354
002357
002358
002360
002361
002362
002363
002364
002366
002368
002370
002372
002374
002375
002377
002378
002379
002380
002381
002382
002383
002384
002387
002388
002389
002392
002393
002399
002400
002402
002405
002406
002407
002408
002409
002411
002412
002413
002415
002416
002417
002424
002425
002428
002432
002434
002435
002436
002439
002440
002441
002443
002444
002446
002447
002449
002450
002451
002452
002453
002454
002455
002457
002458
002459
002461
002462
002463
002466
002467
002468
002470
002471
002472
002473
002474
002475
002476
002477
002479
002482
002485
002486
002487
002488
002491
002496
002501
002502
002503
002504
002505
002506
002507
002508
002511
002514
002515
002516
002517
002518
002519
002521
002526
002527
002531
002533
002534
002537
002538
002539
002540
002542
002543
002546
002548
002550
002553
002554
002556
002558
002559
002560
002561
002564
002565
002566
002570
002571
002572
002573
002576
002578
002579
002581
002582
002583
002584
002585
002586
002589
002594
002595
002597
002600
002602
002603
002604
002606
002611
002612
002613
002614
002615
002617
002619
002621
002626
002629
002630
002631
002633
002635
002638
002640
002642
002643
002644
002647
002648
002649
002650
002652
002653
002654
002658
002660
002661
002663
002664
002665
002667
002669
002670
002671
002672
002673
002675
002676
002679
002680
002682
002683
002684
002688
002689
002690
002692
002693
002694
002695
002696
002697
002699
002700
002701
002704
002705
002706
002710
002711
002712
002716
002721
002722
002727
002728
002729
002732
002733
002734
002736
002739
002741
002742
002743
002747
002748
002749
002750
002751
002752
002754
002755
002756
002757
002759
002760
002761
002764
002767
002768
002769
002771
002774
002777
002778
002780
002781
002782
002784
002785
002786
002787
002788
002790
002791
002793
002797
002798
002800
002801
002802
002803
002804
002806
002809
002812
002813
002814
002815
002816
002818
002819
002821
002823
002825
002830
002831
002832
002834
002836
002837
002838
002839
002841
002842
002843
002844
002846
002848
002851
002853
002854
002855
002856
002858
002859
002860
002861
002862
002863
002865
002867
002868
002869
002871
002873
002874
002876
002878
002885
002886
002889
002890
002891
002893
002894
002895
002896
002897
002898
002900
002901
002902
002903
002904
002905
002906
002908
002909
002910
002911
002912
002914
002917
002918
002920
002921
002923
002924
002927
002929
002930
002932
002933
002937
002939
002941
002942
002944
002945
002947
002948
002949
002950
002953
002954
002955
002958
002959
002964
002967
002968
002969
002970
002976
002978
002979
002980
002981
002982
002985
002988
002991
002992
002993
002994
002996
002998
002999
003004
003005
003006
003009
003012
003013
003014
003015
003016
003017
003018
003019
003022
003023
003024
003025
003029
003030
003031
003032
003033
003034
003036
003037
003038
003039
003048
003049
003051
003053
003054
003056
003057
003058
003059
003060
003061
003062
003064
003065
003067
003069
003070
003071
003073
003075
003078
003079
003080
003081
003082
003084
003087
003088
003090
003091
003092
003096
003097
003098
003100
003101
003103
003105
003108
003109
003110
003111
003112
003114
003116
003117
003118
003119
003120
003121
003122
003123
003124
003128
003129
003130
003131
003135
003136
003137
003140
003141
003142
003146
003147
003149
003151
003154
003155
003156
003159
003160
003161
003162
003164
003165
003168
003169
003171
003172
003173
003175
003176
003177
003178
003179
003181
003183
003185
003186
003187
003190
003193
003194
003196
003197
003198
003199
003200
003202
003204
003205
003206
003207
003209
003210
003216
003221
003223
003224
003226
003230
003231
003234
003235
003239
003241
003242
003243
003244
003247
003248
003249
003250
003254
003256
003258
003259
003264
003265
003266
003267
003268
003269
003271
003272
003273
003274
003276
003277
003279
003281
003282
003283
003284
003286
003287
003288
003289
003290
003291
003293
003296
003298
003300
003302
003304
003305
003307
003308
003312
003314
003317
003319
003320
003322
003323
003324
003325
003327
003328
003330
003331
003332
003333
003334
003337
003341
003344
003349
003351
003352
003354
003359
003360
003361
003362
003364
003366
003367
003369
003371
003372
003375
003376
003379
003380
003381
003382
003383
003384
003387
003388
003390
003391
003392
003395
003398
003399
003401
003404
003407
003409
003410
003411
003412
003417
003418
003419
003421
003424
003425
003426
003427
003428
003429
003430
003431
003432
003433
003435
003438
003439
003442
003444
003446
003447
003448
003450
003451
003452
003453
003455
003456
003457
003460
003461
003463
003464
003469
003470
003471
003473
003475
003476
003480
003482
003483
003485
003486
003487
003488
003489
003490
003496
003502
003504
003508
003509
003510
003512
003513
003514
003515
003516
003517
003518
003520
003521
003523
003525
003526
003527
003528
003530
003532
003535
003536
003537
003538
003539
003541
003543
003545
003547
003548
003549
003551
003552
003554
003557
003559
003560
003567
003568
003569
003570
003571
003573
003574
003575
003576
003578
003579
003581
003582
003583
003584
003586
003587
003588
003589
003591
003592
003593
003596
003597
003598
003599
003600
003603
003604
003605
003607
003612
003615
003616
003617
003622
003624
003626
003627
003628
003631
003632
003637
003639
003641
003642
003643
003644
003645
003646
003649
003650
003651
003652
003653
003654
003660
003661
003662
003663
003664
003665
003667
003669
003671
003672
003673
003674
003675
003677
003678
003679
003680
003681
003682
003683
003684
003687
003688
003690
003691
003693
003694
003698
003699
003700
003701
003702
003705
003706
003708
003710
003711
003712
003713
003715
003716
003720
003721
003722
003724
003725
003726
003728
003731
003732
003734
003735
003736
003737
003738
003739
003740
003741
003743
003746
003749
003751
003753
003756
003757
003758
003759
003760
003762
003763
003764
003765
003766
003768
003769
003770
003771
003772
003773
003774
003775
003776
003778
003779
003780
003785
003786
003787
003788
003790
003791
003792
003793
003794
003795
003796
003799
003800
003801
003806
003810
003811
003812
003816
003817
003818
003819
003820
003823
003827
003829
003830
003833
003834
003836
003837
003838
003840
003841
003842
003843
003844
003847
003848
003849
003850
003851
003852
003855
003857
003858
003859
003861
003863
003865
003868
003869
003870
003871
003873
003874
003879
003880
003881
003882
003885
003886
003888
003889
003891
003892
003893
003894
003897
003899
003901
003903
003905
003906
003909
003910
003912
003914
003916
003917
003918
003919
003920
003921
003922
003923
003926
003927
003928
003929
003931
003934
003936
003938
003939
003941
003942
003943
003944
003946
003948
003950
003951
003952
003953
003954
003955
003956
003958
003960
003961
003962
003963
003965
003967
003969
003970
003971
003973
003975
003978
003980
003982
003983
003984
003986
003987
003989
003992
003993
003994
003997
003998
003999
004003
004005
004006
004007
004008
004012
004016
004017
004019
004021
004022
004027
004029
004030
004031
004032
004033
004035
004036
004038
004039
004040
004041
004042
004048
004050
004055
004059
004060
004063
004064
004065
004067
004071
004073
004079
004080
004081
004082
004083
004086
004089
004092
004093
004094
004096
004097
004099
004100
004102
004103
004104
004105
004106
004107
004109
004110
004117
004118
004119
004120
004122
004123
004124
004125
004126
004127
004130
004131
004133
004135
004136
004137
004138
004141
004144
004145
004148
004149
004150
004151
004152
004154
004160
004161
004163
004164
004169
004170
004171
004172
004174
004176
004181
004184
004185
004186
004188
004190
004191
004192
004193
004194
004195
004196
004197
004200
004201
004202
004204
004205
004206
004207
004209
004211
004213
004216
004217
004218
004219
004221
004222
004226
004228
004229
004230
004231
004233
004235
004236
004237
004238
004241
004244
004248
004249
004256
004257
004260
004261
004263
004265
004267
004269
004272
004274
004276
004277
004279
004280
004281
004283
004284
004287
004290
004292
004294
004295
004298
004299
004300
004301
004303
004304
004305
004306
004307
004311
004312
004313
004315
004317
004318
004319
004321
004323
004324
004325
004328
004329
004330
004331
004332
004335
004339
004340
004341
004343
004345
004346
004348
004349
004352
004353
004356
004357
004358
004359
004360
004363
004365
004366
004367
004368
004371
004372
004373
004374
004375
004376
004378
004381
004382
004383
004384
004387
004388
004389
004390
004391
004392
004395
004400
004401
004402
004405
004408
004409
004412
004414
004417
004418
004420
004423
004424
004425
004426
004428
004430
004431
004432
004434
004437
004439
004440
004441
004442
004443
004444
004445
004447
004448
004450
004453
004454
004455
004457
004460
004462
004463
004466
004467
004471
004472
004474
004476
004477
004478
004480
004482
004483
004484
004485
004486
004487
004488
004489
004491
004493
004495
004497
004499
004501
004504
004506
004507
004508
004509
004510
004512
004514
004518
004519
004520
004524
004525
004527
004528
004533
004535
004536
004537
004538
004539
004540
004543
004544
004545
004546
004547
004548
004549
004552
004553
004555
004556
004557
004558
004560
004561
004562
004563
004564
004566
004567
004568
004569
004570
004571
004574
004575
004577
004578
004579
004580
004582
004585
004588
004593
004595
004596
004600
004601
004602
004603
004604
004606
004609
004610
004614
004616
004617
004620
004621
004622
004623
004624
004627
004628
004629
004630
004635
004636
004637
004638
004640
004644
004646
004647
004648
004651
004652
004653
004654
004655
004657
004658
004659
004660
004661
004665
004668
004671
004672
004673
004674
004675
004676
004678
004679
004681
004682
004684
004686
004687
004688
004689
004690
004694
004695
004696
004698
004700
004701
004702
004703
004704
004706
004707
004711
004712
004714
004715
004716
004718
004723
004725
004726
004728
004731
004732
004733
004734
004736
004738
004740
004742
004750
004751
004752
004754
004755
004756
004760
004762
004765
004766
004767
004768
004773
004775
004776
004777
004781
004782
004783
004785
004786
004787
004788
004790
004791
004793
004794
004795
004796
004800
004802
004806
004807
004810
004812
004813
004816
004818
004820
004821
004822
004823
004824
004825
004826
004827
004828
004830
004831
004832
004833
004834
004837
004838
004840
004843
004844
004845
004846
004848
004850
004851
004852
004853
004856
004857
004858
004861
004864
004866
004871
004872
004873
004874
004875
004877
004878
004879
004881
004883
004884
004885
004886
004887
004888
004889
004890
004891
004894
004895
004898
004901
004906
004907
004908
004909
004910
004912
004913
004915
004916
004917
004918
004919
004922
004923
004924
004926
004927
004928
004929
004930
004931
004933
004936
004937
004939
004940
004941
004942
004943
004945
004946
004947
004948
004949
004952
004953
004954
004956
004957
004960
004962
004965
004966
004967
004968
004969
004970
004972
004974
004975
004976
004977
004979
004982
004983
004984
004985
004988
004989
004990
004993
004995
004996
004997
004999
005002
005004
005005
005006
005007
005009
005012
005013
005014
005015
005016
005017
005018
005020
005021
005022
005023
005027
005029
005031
005034
005035
005036
005037
005043
005045
005046
005047
005050
005051
005052
005055
005057
005059
005061
005062
005063
005065
005066
005068
005069
005070
005072
005073
005080
005081
005082
005083
005084
005085
005086
005088
005090
005092
005094
005096
005097
005098
005101
005102
005103
005104
005106
005109
005110
005111
005112
005113
005114
005116
005123
005124
005125
005126
005128
005130
005131
005133
005135
005136
005137
005138
005139
005140
005141
005142
005146
005147
005148
005149
005150
005151
005152
005157
005159
005160
005161
005163
005165
005166
005168
005170
005172
005174
005175
005176
005177
005180
005181
005186
005188
005190
005191
005192
005194
005195
005196
005198
005199
005201
005203
005206
005209
005210
005211
005212
005214
005216
005218
005219
005220
005223
005224
005225
005226
005227
005228
005229
005230
005232
005233
005236
005241
005243
005246
005249
005250
005251
005252
005255
005256
005257
005258
005259
005260
005261
005262
005264
005266
005269
005272
005273
005274
005276
005277
005279
005280
005282
005285
005286
005287
005288
005290
005291
005292
005296
005297
005299
005300
005301
005302
005306
005307
005308
005310
005312
005314
005315
005316
005317
005318
005319
005322
005324
005327
005328
005329
005330
005332
005334
005335
005336
005337
005338
005339
005341
005343
005344
005349
005350
005353
005354
005356
005357
005359
005364
005367
005371
005372
005373
005374
005375
005376
005377
005378
005379
005380
005381
005384
005387
005389
005390
005392
005393
005394
005395
005396
005398
005399
005402
005403
005404
005407
005408
005409
005412
005413
005414
005416
005419
005421
005423
005425
005427
005428
005430
005433
005434
005435
005437
005441
005442
005443
005444
005445
005446
005448
005449
005450
005451
005452
005453
005454
005455
005456
005457
005458
005459
005460
005461
005462
005464
005465
005466
005467
005470
005471
005472
005476
005478
005479
005480
005482
005485
005486
005489
005492
005493
005494
005495
005496
005498
005500
005502
005503
005504
005505
005507
005508
005510
005512
005513
005515
005517
005523
005524
005525
005526
005528
005529
005530
005531
005532
005534
005535
005537
005538
005540
005541
005542
005543
005545
005546
005547
005548
005549
005552
005553
005554
005557
005558
005559
005560
005561
005562
005567
005568
005573
005574
005575
005576
005580
005581
005584
005585
005586
005587
005588
005589
005591
005593
005594
005595
005597
005598
005601
005602
005603
005605
005608
005609
005610
005613
005614
005615
005616
005618
005621
005622
005623
005624
005625
005627
005630
005631
005632
005633
005634
005635
005636
005637
005638
005639
005641
005642
005643
005644
005645
005647
005650
005652
005654
005657
005658
005659
005660
005661
005662
005667
005668
005669
005671
005672
005674
005676
005678
005680
005681
005682
005683
005685
005686
005687
005688
005690
005691
005692
005693
005694
005696
005697
005698
005699
005700
005702
005703
005704
005706
005707
005708
005711
005712
005714
005715
005716
005717
005719
005721
005722
005723
005725
005726
005728
005729
005733
005734
005735
005736
005738
005739
005740
005741
005742
005743
005745
005746
005749
005752
005754
005755
005757
005758
005760
005762
005764
005766
005767
005770
005771
005773
005774
005776
005777
005778
005780
005781
005782
005783
005784
005785
005787
005788
005791
005794
005795
005796
005798
005799
005800
005801
005803
005804
005805
005806
005807
005808
005810
005811
005812
005814
005815
005817
005818
005819
005820
005821
005823
005824
005825
005826
005827
005829
005831
005833
005834
005835
005837
005839
005840
005842
005843
005844
005846
005847
005848
005850
005851
005854
005855
005857
005859
005862
005864
005867
005874
005876
005877
005879
005880
005882
005883
005884
005885
005886
005887
005888
005890
005893
005894
005895
005899
005903
005904
005905
005909
005911
005912
005916
005917
005918
005921
005923
005924
005926
005927
005928
005929
005931
005932
005934
005938
005939
005944
005946
005948
005949
005951
005952
005953
005956
005957
005958
005959
005960
005961
005962
005963
005964
005965
005966
005967
005970
005971
005972
005973
005975
005976
005977
005978
005981
005982
005985
005986
005987
005989
005991
005999
006002
006003
006005
006006
006007
006008
006009
006010
006011
006012
006013
006015
006016
006017
006018
006019
006023
006024
006027
006028
006030
006031
006032
006034
006035
006036
006037
006038
006040
006041
006042
006043
006046
006047
006048
006050
006051
006052
006054
006056
006057
006058
006059
006060
006061
006063
006064
006065
006068
006069
006071
006072
006073
006074
006076
006078
006080
006081
006082
006083
006084
006085
006087
006089
006090
006093
006094
006098
006100
006101
006106
006107
006110
006112
006113
006114
006116
006120
006121
006123
006124
006126
006127
006128
006129
006130
006131
006132
006134
006136
006137
006138
006139
006141
006143
006144
006147
006149
006150
006154
006156
006159
006161
006162
006163
006164
006167
006168
006170
006171
006172
006173
006174
006176
006178
006180
006182
006183
006185
006186
006187
006188
006189
006190
006191
006193
006194
006195
006197
006200
006201
006202
006203
006204
006205
006207
006208
006209
006210
006211
006212
006214
006215
006216
006217
006218
006220
006222
006223
006224
006225
006228
006229
006230
006231
006232
006233
006234
006235
006236
006237
006238
006242
006243
006244
006251
006254
006256
006258
006259
006260
006261
006262
006263
006264
006265
006269
006270
006271
006272
006273
006274
006275
006276
006277
006278
006279
006280
006281
006283
006285
006286
006288
006289
006290
006292
006294
006296
006297
006298
006299
006300
006301
006303
006304
006306
006310
006314
006319
006320
006321
006323
006324
006325
006326
006328
006329
006330
006331
006335
006336
006344
006346
006348
006350
006352
006353
006354
006355
006356
006357
006358
006359
006360
006361
006362
006366
006368
006371
006372
006373
006374
006375
006376
006377
006378
006379
006380
006382
006384
006385
006386
006387
006388
006390
006393
006395
006398
006400
006402
006403
006404
006406
006410
006413
006415
006416
006418
006422
006424
006427
006430
006431
006432
006434
006437
006440
006441
006442
006447
006448
006449
006450
006451
006453
006455
006456
006458
006459
006460
006461
006462
006463
006464
006468
006469
006470
006472
006473
006475
006476
006478
006481
006482
006483
006484
006485
006487
006488
006493
006496
006497
006498
006501
006502
006503
006506
006508
006509
006510
006512
006513
006518
006519
006520
006521
006524
006525
006526
006527
006529
006532
006535
006536
006537
006538
006539
006543
006546
006547
006549
006551
006552
006555
006556
006558
006560
006561
006562
006564
006566
006567
006570
006571
006572
006574
006576
006577
006579
006581
006582
006583
006584
006585
006587
006589
006590
006591
006592
006593
006594
006597
006598
006601
006602
006603
006604
006605
006606
006608
006609
006610
006611
006612
006614
006618
006619
006620
006622
006625
006626
006627
006628
006631
006632
006633
006635
006636
006638
006639
006642
006647
006650
006651
006652
006653
006654
006656
006657
006659
006660
006661
006662
006663
006664
006666
006668
006669
006670
006671
006672
006674
006675
006676
006677
006678
006679
006680
006681
006683
006684
006686
006687
006689
006692
006693
006696
006698
006699
006700
006702
006703
006704
006706
006707
006708
006711
006712
006713
006714
006715
006716
006720
006723
006724
006725
006726
006729
006730
006731
006732
006735
006736
006737
006738
006741
006744
006745
006748
006749
006750
006751
006757
006758
006759
006763
006766
006767
006768
006770
006772
006773
006780
006783
006785
006786
006787
006788
006789
006791
006792
006796
006797
006798
006799
006802
006803
006806
006807
006808
006809
006811
006814
006815
006816
006820
006821
006822
006823
006824
006825
006827
006828
006829
006831
006833
006834
006835
006838
006840
006841
006844
006846
006851
006852
006853
006855
006856
006857
006860
006861
006862
006864
006870
006871
006872
006874
006875
006876
006877
006878
006879
006880
006882
006883
006885
006886
006887
006888
006892
006893
006897
006898
006902
006903
006906
006908
006909
006910
006911
006912
006913
006914
006915
006918
006919
006920
006921
006922
006923
006925
006926
006932
006933
006934
006937
006939
006940
006942
006943
006945
006947
006949
006951
006952
006954
006955
006956
006957
006958
006961
006962
006963
006965
006968
006969
006972
006973
006974
006975
006978
006982
006983
006984
006985
006986
006991
006994
006997
007002
007004
007005
007007
007009
007010
007013
007014
007015
007018
007019
007020
007022
007026
007027
007029
007030
007033
007034
007036
007039
007040
007042
007043
007046
007047
007049
007050
007054
007055
007056
007059
007061
007062
007064
007065
007066
007067
007068
007071
007072
007073
007074
007077
007078
007079
007080
007082
007083
007084
007087
007088
007091
007093
007094
007097
007101
007102
007104
007105
007107
007108
007109
007110
007111
007112
007115
007116
007118
007119
007122
007123
007124
007125
007126
007128
007129
007130
007131
007132
007133
007135
007137
007138
007139
007141
007142
007143
007144
007145
007146
007148
007149
007150
007151
007152
007153
007158
007159
007161
007162
007163
007166
007167
007168
007170
007171
007172
007173
007175
007177
007178
007179
007181
007183
007185
007186
007187
007188
007190
007191
007197
007198
007200
007201
007202
007205
007207
007208
007209
007210
007212
007213
007214
007215
007216
007217
007218
007220
007221
007222
007224
007225
007228
007230
007232
007233
007234
007237
007239
007240
007243
007244
007245
007246
007248
007250
007252
007253
007254
007255
007256
007257
007258
007261
007262
007264
007268
007269
007270
007273
007276
007278
007279
007281
007283
007284
007286
007287
007288
007291
007294
007299
007300
007302
007304
007309
007310
007311
007312
007315
007318
007319
007321
007322
007323
007324
007327
007328
007332
007335
007336
007337
007339
007341
007344
007345
007347
007350
007351
007354
007355
007356
007357
007358
007361
007362
007363
007364
007366
007370
007371
007372
007373
007377
007378
007379
007380
007381
007382
007385
007386
007387
007389
007391
007392
007393
007394
007395
007396
007397
007398
007399
007400
007403
007405
007407
007408
007410
007412
007415
007416
007418
007421
007422
007423
007425
007426
007427
007428
007429
007430
007431
007432
007437
007438
007441
007442
007446
007447
007449
007450
007451
007452
007453
007454
007455
007458
007459
007460
007461
007462
007463
007464
007465
007467
007468
007469
007471
007472
007473
007474
007475
007476
007477
007481
007486
007488
007491
007492
007494
007495
007496
007497
007498
007500
007501
007502
007505
007507
007508
007509
007510
007511
007512
007513
007514
007515
007516
007517
007520
007521
007522
007523
007524
007525
007529
007534
007536
007537
007538
007540
007541
007543
007547
007549
007550
007551
007553
007554
007555
007556
007557
007558
007559
007561
007563
007564
007566
007567
007568
007569
007572
007573
007574
007576
007577
007581
007583
007588
007593
007598
007599
007601
007602
007604
007605
007611
007612
007613
007616
007617
007620
007621
007624
007625
007626
007627
007628
007629
007630
007631
007632
007634
007635
007637
007638
007639
007643
007645
007646
007649
007650
007652
007653
007654
007657
007658
007660
007661
007662
007664
007666
007668
007669
007671
007672
007674
007675
007677
007679
007680
007681
007683
007685
007687
007691
007694
007697
007698
007699
007701
007702
007703
007704
007705
007709
007710
007711
007713
007715
007716
007717
007718
007719
007722
007723
007726
007727
007729
007731
007733
007734
007735
007737
007739
007740
007742
007747
007748
007751
007753
007754
007755
007756
007757
007758
007760
007764
007765
007768
007769
007771
007773
007775
007776
007777
007779
007782
007784
007787
007788
007789
007790
007791
007792
007796
007797
007798
007799
007800
007801
007802
007807
007809
007811
007813
007816
007817
007819
007821
007822
007823
007824
007826
007827
007828
007830
007831
007832
007836
007840
007841
007842
007843
007844
007845
007847
007848
007851
007852
007854
007855
007856
007859
007861
007862
007864
007865
007866
007867
007868
007869
007874
007875
007877
007878
007879
007881
007882
007884
007885
007890
007891
007892
007894
007895
007897
007898
007900
007903
007904
007909
007910
007912
007913
007914
007915
007918
007919
007920
007922
007923
007924
007925
007926
007928
007931
007934
007935
007939
007940
007942
007943
007944
007947
007950
007951
007955
007956
007958
007961
007962
007963
007965
007970
007971
007973
007976
007977
007978
007979
007980
007981
007983
007987
007991
007992
007993
007997
008001
008002
008005
008006
008008
008009
008010
008012
008013
008016
008017
008019
008023
008024
008027
008032
008034
008035
008036
008037
008038
008040
008041
008042
008043
008044
008046
008047
008048
008049
008053
008054
008055
008057
008058
008061
008062
008064
008067
008069
008070
008072
008073
008074
008076
008080
008081
008083
008085
008086
008087
008090
008091
008092
008093
008094
008096
008098
008099
008102
008109
008110
008111
008113
008115
008116
008117
008118
008119
008120
008122
008123
008126
008129
008132
008133
008134
008136
008137
008142
008143
008144
008145
008146
008148
008149
008150
008152
008153
008155
008159
008160
008161
008166
008167
008169
008171
008176
008177
008179
008180
008181
008182
008183
008184
008186
008187
008188
008189
008191
008192
008193
008195
008199
008200
008201
008202
008203
008204
008206
008207
008208
008211
008212
008213
008215
008218
008219
008221
008222
008223
008224
008229
008230
008231
008232
008233
008234
008235
008236
008238
008239
008240
008241
008242
008243
008245
008246
008247
008249
008250
008252
008254
008255
008256
008257
008259
008261
008262
008263
008265
008266
008267
008271
008275
008277
008278
008279
008280
008282
008283
008285
008286
008287
008289
008290
008293
008294
008295
008297
008298
008299
008302
008303
008304
008305
008306
008308
008309
008310
008311
008312
008313
008315
008316
008320
008321
008324
008325
008326
008327
008329
008330
008332
008333
008334
008335
008336
008337
008339
008341
008342
008344
008346
008348
008350
008351
008352
008353
008354
008355
008356
008358
008359
008360
008363
008364
008365
008368
008369
008370
008372
008374
008377
008378
008381
008383
008384
008386
008388
008389
008390
008396
008398
008399
008403
008406
008408
008410
008411
008412
008415
008416
008419
008420
008421
008422
008425
008426
008428
008431
008432
008434
008436
008437
008439
008440
008442
008445
008448
008449
008450
008451
008453
008454
008455
008457
008458
008459
008460
008461
008462
008463
008465
008466
008467
008468
008471
008473
008475
008477
008480
008481
008483
008486
008487
008490
008492
008496
008497
008498
008499
008500
008502
008504
008506
008508
008509
008510
008511
008512
008514
008515
008516
008517
008518
008520
008521
008522
008523
008525
008529
008532
008533
008534
008535
008537
008538
008540
008541
008542
008543
008545
008547
008548
008549
008550
008551
008552
008553
008556
008557
008559
008561
008562
008563
008564
008566
008567
008568
008571
008573
008575
008577
008578
008579
008581
008582
008583
008585
008588
008590
008591
008592
008593
008596
008597
008598
008599
008601
008602
008604
008606
008608
008609
008610
008611
008614
008615
008617
008618
008619
008620
008621
008622
008623
008624
008627
008629
008631
008632
008633
008635
008636
008637
008639
008642
008644
008645
008646
008647
008648
008649
008651
008652
008654
008657
008659
008660
008661
008663
008665
008668
008669
008672
008674
008675
008678
008680
008687
008690
008692
008694
008695
008696
008697
008698
008699
008700
008701
008702
008703
008706
008708
008709
008710
008712
008713
008715
008718
008719
008720
008722
008723
008725
008726
008727
008729
008730
008731
008734
008737
008740
008741
008743
008748
008749
008750
008751
008752
008754
008756
008757
008759
008760
008762
008763
008764
008765
008768
008770
008773
008775
008776
008777
008778
008782
008785
008787
008788
008789
008790
008791
008792
008794
008795
008797
008798
008799
008800
008803
008807
008808
008809
008810
008812
008814
008816
008817
008823
008824
008826
008827
008828
008831
008832
008833
008834
008835
008836
008837
008840
008841
008842
008844
008845
008846
008848
008849
008850
008855
008857
008859
008860
008861
008862
008863
008864
008865
008866
008867
008868
008869
008872
008873
008875
008880
008881
008882
008883
008884
008885
008886
008887
008888
008889
008890
008891
008892
008893
008894
008895
008897
008898
008900
008902
008903
008906
008908
008911
008912
008913
008915
008917
008918
008920
008921
008922
008928
008929
008932
008936
008937
008938
008939
008940
008941
008942
008943
008945
008947
008948
008949
008950
008952
008955
008957
008958
008959
008961
008962
008963
008964
008965
008967
008968
008970
008971
008976
008980
008981
008982
008983
008985
008987
008988
008990
008991
008992
008995
008996
008997
008998
009000
009001
009002
009003
009004
009005
009007
009009
009010
009012
009016
009017
009018
009019
009020
009021
009024
009026
009027
009028
009029
009030
009031
009034
009035
009037
009038
009040
009041
009042
009043
009045
009049
009050
009053
009054
009057
009058
009059
009060
009063
009064
009065
009066
009067
009069
009071
009073
009075
009077
009079
009083
009084
009085
009086
009088
009090
009091
009092
009093
009094
009095
009096
009097
009098
009100
009102
009103
009104
009106
009107
009108
009109
009110
009111
009114
009115
009116
009117
009118
009119
009122
009123
009124
009130
009131
009132
009134
009135
009138
009139
009140
009141
009144
009151
009152
009153
009155
009158
009159
009161
009162
009163
009165
009167
009168
009169
009172
009174
009175
009178
009179
009183
009184
009186
009187
009188
009189
009190
009191
009194
009195
009196
009198
009202
009203
009204
009205
009206
009210
009211
009213
009214
009220
009222
009223
009224
009225
009227
009228
009229
009230
009231
009232
009233
009234
009235
009236
009238
009239
009241
009244
009245
009246
009247
009248
009249
009250
009255
009256
009257
009258
009259
009261
009264
009265
009266
009267
009268
009269
009271
009273
009274
009278
009280
009281
009282
009283
009284
009286
009288
009291
009292
009293
009294
009295
009298
009299
009300
009303
009304
009305
009309
009311
009312
009313
009315
009316
009318
009319
009320
009322
009323
009324
009325
009327
009328
009329
009330
009331
009332
009333
009334
009335
009336
009337
009340
009343
009344
009347
009350
009351
009353
009354
009355
009357
009359
009360
009361
009362
009365
009367
009368
009369
009372
009373
009374
009375
009376
009377
009379
009384
009385
009388
009389
009390
009392
009393
009395
009396
009397
009398
009401
009402
009404
009406
009409
009410
009411
009412
009414
009415
009416
009417
009418
009419
009420
009422
009424
009425
009426
009428
009429
009430
009431
009433
009434
009435
009437
009438
009443
009445
009449
009451
009452
009453
009454
009455
009457
009459
009461
009463
009464
009465
009466
009468
009469
009470
009471
009475
009476
009479
009480
009481
009483
009484
009486
009487
009489
009490
009491
009492
009494
009495
009499
009500
009504
009506
009507
009508
009509
009510
009511
009513
009514
009515
009517
009519
009520
009521
009522
009523
009524
009527
009530
009533
009534
009536
009540
009541
009542
009546
009549
009550
009551
009552
009553
009555
009557
009558
009559
009561
009562
009563
009564
009565
009566
009569
009570
009571
009576
009577
009580
009581
009584
009585
009587
009588
009589
009591
009592
009594
009595
009597
009600
009601
009603
009607
009611
009614
009615
009616
009621
009622
009624
009628
009629
009632
009634
009635
009636
009637
009639
009642
009643
009644
009645
009646
009647
009648
009650
009651
009654
009655
009656
009657
009658
009662
009666
009667
009670
009672
009673
009674
009676
009677
009678
009679
009680
009683
009684
009685
009688
009689
009691
009692
009694
009695
009697
009698
009700
009701
009702
009704
009705
009707
009710
009711
009712
009713
009714
009715
009716
009717
009718
009722
009723
009724
009725
009726
009727
009729
009730
009731
009732
009733
009734
009735
009736
009739
009740
009743
009744
009745
009746
009749
009751
009753
009755
009756
009757
009758
009759
009760
009763
009764
009765
009766
009767
009768
009771
009775
009777
009778
009779
009780
009781
009782
009783
009786
009788
009789
009790
009791
009792
009793
009794
009795
009798
009799
009802
009803
009804
009806
009808
009809
009810
009813
009815
009817
009818
009819
009821
009824
009826
009827
009828
009829
009830
009833
009834
009835
009838
009840
009843
009845
009846
009847
009848
009849
009852
009853
009854
009856
009858
009859
009860
009861
009863
009864
009865
009866
009869
009870
009874
009876
009879
009881
009884
009885
009886
009887
009888
009889
009891
009893
009895
009897
009898
009899
009902
009903
009904
009905
009910
009915
009918
009919
009921
009923
009925
009926
009927
009929
009932
009933
009934
009936
009937
009938
009940
009941
009942
009944
009945
009946
009949
009950
009953
009954
009955
009956
009958
009960
009963
009965
009966
009967
009968
009969
009970
009973
009974
009975
009980
009981
009982
009983
009984
009986
009988
009989
009990
009991
009994
009996
009998
009999
010000
010001
010002
010003
010008
010009
010010
010014
010015
010016
010017
010018
010019
010020
010021
010022
010023
010024
010025
010026
010027
010028
010029
010030
010032
010034
010035
010036
010037
010038
010045
010047
010050
010052
010054
010055
010056
010058
010059
010060
010061
010063
010064
010066
010067
010068
010069
010070
010073
010074
010077
010078
010079
010080
010082
010083
010085
010090
010091
010092
010093
010094
010095
010096
010098
010099
010100
010101
010104
010106
010107
010108
010109
010111
010112
010115
010116
010117
010119
010121
010122
010123
010124
010125
010126
010128
010130
010132
010134
010136
010137
010139
010140
010142
010143
010145
010148
010149
010150
010151
010152
010153
010155
010156
010157
010159
010160
010162
010166
010168
010169
010171
010175
010178
010183
010184
010186
010188
010189
010194
010195
010196
010197
010198
010201
010204
010205
010206
010207
010208
010209
010212
010213
010214
010216
010218
010219
010220
010221
010222
010223
010226
010230
010231
010232
010233
010234
010235
010236
010237
010238
010240
010241
010242
010243
010244
010245
010247
010248
010251
010252
010253
010258
010259
010263
010264
010265
010267
010268
010271
010272
010273
010274
010275
010278
010279
010280
010281
010283
010284
010286
010287
010288
010290
010292
010293
010299
010300
010301
010302
010305
010307
010310
010312
010314
010315
010316
010320
010322
010324
010326
010327
010328
010330
010331
010333
010334
010335
010336
010337
010340
010341
010344
010345
010346
010347
010349
010353
010354
010355
010356
010357
010358
010359
010361
010363
010364
010366
010367
010372
010374
010376
010378
010379
010380
010382
010383
010386
010387
010388
010393
010397
010398
010401
010402
010403
010404
010405
010407
010408
010410
010411
010412
010413
010417
010418
010419
010420
010421
010422
010423
010424
010427
010429
010430
010431
010432
010433
010434
010437
010439
010440
010444
010445
010447
010448
010449
010450
010453
010454
010455
010456
010457
010458
010459
010460
010463
010464
010466
010468
010469
010470
010471
010472
010474
010475
010477
010478
010480
010482
010487
010488
010489
010493
010494
010498
010500
010504
010505
010506
010507
010511
010513
010514
010515
010518
010519
010522
010524
010525
010526
010527
010530
010531
010532
010539
010540
010541
010544
010546
010547
010548
010549
010550
010551
010552
010553
010555
010557
010558
010560
010561
010563
010564
010566
010569
010571
010573
010575
010577
010579
010580
010583
010586
010588
010589
010591
010592
010595
010597
010599
010600
010601
010603
010606
010609
010610
010611
010613
010614
010615
010616
010617
010618
010620
010621
010622
010623
010624
010628
010629
010631
010632
010633
010634
010638
010640
010641
010643
010644
010647
010649
010651
010654
010655
010657
010661
010663
010664
010665
010666
010667
010670
010672
010673
010675
010676
010677
010678
010682
010683
010684
010685
010686
010687
010688
010689
010693
010695
010697
010699
010700
010706
010708
010709
010711
010713
010715
010716
010717
010718
010719
010720
010724
010725
010726
010729
010730
010735
010736
010737
010739
010742
010745
010746
010747
010748
010750
010752
010754
010755
010757
010758
010759
010763
010764
010768
010770
010771
010779
010782
010783
010784
010785
010786
010787
010788
010789
010790
010793
010795
010800
010803
010804
010805
010806
010809
010811
010812
010813
010814
010815
010817
010818
010819
010821
010822
010824
010825
010826
010827
010828
010830
010832
010834
010836
010837
010839
010841
010842
010843
010844
010846
010848
010849
010850
010851
010852
010854
010855
010857
010858
010861
010862
010863
010867
010870
010871
010873
010874
010877
010878
010879
010880
010881
010889
010890
010891
010893
010894
010895
010896
010898
010899
010900
010903
010904
010905
010908
010909
010910
010911
010912
010916
010918
010920
010921
010923
010926
010928
010929
010930
010931
010932
010933
010934
010935
010936
010937
010939
010940
010941
010942
010943
010945
010946
010948
010949
010952
010953
010954
010955
010956
010957
010958
010959
010962
010964
010966
010967
010968
010969
010970
010973
010974
010975
010977
010981
010982
010983
010984
010986
010987
010989
010990
010992
010993
010994
010997
010998
010999
011000
011001
011003
011005
011006
011009
011011
011013
011014
011015
011016
011017
011019
011020
011021
011023
011026
011027
011028
011030
011031
011032
011033
011034
011035
011037
011038
011041
011043
011047
011048
011050
011051
011052
011055
011056
011057
011058
011059
011060
011062
011063
011064
011066
011067
011069
011070
011071
011072
011074
011076
011077
011078
011079
011080
011082
011083
011084
011086
011089
011090
011092
011093
011094
011097
011098
011100
011101
011103
011105
011106
011107
011108
011110
011111
011113
011115
011116
011118
011119
011120
011121
011122
011124
011125
011127
011130
011131
011133
011134
011135
011141
011142
011143
011146
011149
011150
011151
011153
011154
011155
011156
011157
011159
011160
011164
011166
011167
011170
011171
011172
011173
011177
011178
011180
011184
011185
011186
011189
011190
011192
011193
011196
011197
011199
011203
011204
011205
011207
011209
011211
011212
011213
011214
011215
011216
011219
011223
011224
011225
011227
011229
011233
011234
011236
011237
011238
011239
011241
011243
011244
011245
011246
011247
011248
011249
011250
011251
011253
011254
011256
011257
011259
011261
011262
011264
011265
011266
011273
011275
011278
011281
011283
011286
011288
011290
011291
011293
011294
011295
011299
011300
011301
011302
011303
011304
011308
011309
011311
011312
011313
011314
011315
011316
011317
011322
011324
011325
011327
011329
011331
011332
011333
011334
011335
011336
011340
011341
011342
011343
011347
011348
011349
011350
011353
011355
011356
011358
011363
011366
011367
011368
011370
011372
011373
011375
011376
011378
011381
011382
011383
011384
011388
011389
011391
011393
011394
011395
011396
011398
011399
011402
011404
011406
011407
011408
011410
011411
011413
011414
011415
011418
011421
011422
011424
011425
011426
011429
011433
011434
011436
011437
011438
011439
011441
011442
011445
011446
011447
011448
011450
011451
011453
011454
011457
011458
011459
011462
011464
011465
011466
011468
011469
011470
011473
011474
011476
011478
011479
011480
011482
011483
011484
011485
011487
011490
011491
011492
011493
011495
011496
011497
011498
011499
011501
011502
011503
011504
011505
011514
011515
011516
011521
011523
011524
011525
011526
011527
011528
011530
011531
011534
011538
011539
011540
011541
011543
011544
011549
011550
011551
011553
011554
011555
011556
011559
011560
011562
011563
011564
011566
011567
011568
011570
011571
011572
011574
011575
011576
011577
011579
011581
011582
011584
011586
011587
011588
011589
011590
011592
011595
011596
011597
011598
011605
011606
011608
011610
011611
011612
011613
011615
011618
011619
011620
011622
011625
011627
011628
011629
011631
011632
011633
011635
011636
011637
011638
011640
011641
011644
011647
011648
011650
011651
011655
011656
011657
011660
011661
011662
011663
011664
011665
011666
011667
011668
011669
011671
011672
011673
011675
011676
011678
011680
011682
011684
011685
011687
011688
011689
011690
011691
011692
011693
011694
011696
011699
011700
011702
011705
011709
011710
011712
011713
011714
011715
011716
011717
011718
011719
011720
011721
011722
011723
011725
011729
011731
011732
011733
011734
011735
011736
011737
011738
011739
011741
011742
011747
011748
011749
011753
011754
011755
011759
011760
011762
011765
011770
011771
011773
011775
011776
011777
011780
011782
011784
011785
011786
011788
011789
011790
011793
011795
011797
011798
011800
011802
011803
011805
011806
011807
011808
011811
011812
011813
011814
011817
011818
011820
011821
011823
011824
011827
011828
011829
011832
011833
011834
011836
011839
011841
011842
011843
011845
011846
011851
011854
011855
011856
011857
011858
011859
011860
011863
011865
011866
011868
011870
011871
011872
011873
011874
011875
011878
011879
011881
011882
011883
011886
011888
011892
011895
011896
011898
011900
011901
011903
011904
011906
011907
011908
011909
011913
011915
011916
011917
011918
011922
011923
011925
011927
011929
011930
011931
011932
011933
011934
011937
011938
011939
011940
011941
011942
011943
011944
011945
011946
011948
011949
011951
011952
011954
011955
011958
011959
011960
011964
011965
011967
011968
011969
011970
011972
011973
011976
011977
011982
011985
011988
011989
011990
011992
011993
011994
011995
011996
011997
011998
011999
